seq_len = 40
dataset_name = 'FD001'
norm_first=False

input -> encoders -> memory -> decoder -> fc -> output

parameters: {
'learning_rate': 0.6839996484435422, 
'nlayers': 4, 
'dropout': 0.0028315240394888347, 
'nhid': 100, 
'nhead': 8, 
'batch_size': 256}.
study.best_value: 1884.0800039253984